[ 3.16442036e+01  9.61848393e+02 -5.33003266e-01  4.74210176e+01
  3.18895502e+01  3.96770396e+02  2.41201530e+02  8.21258348e+01
  1.00814810e-01  1.87876223e+00  2.34046050e+01  1.88933752e-01
  4.77278025e-01  2.03773266e+00  1.02230203e+00  6.26467421e-01
  7.03216259e-02  8.08563987e-02  3.16416268e+01  9.61541621e+02
 -5.33111146e-01  4.74197376e+01  3.18659661e+01  3.96759611e+02
  2.41177543e+02  8.21593648e+01  1.00817541e-01]
[9.66953113e+00 3.86264740e+02 1.91787582e+00 2.07258498e+01
 1.00097078e+01 1.10209703e+02 1.23028672e+02 1.25648441e+01
 1.86806066e-01 4.36741974e+00 5.22624972e+01 5.31296682e-01
 1.13673705e+00 4.37977517e+00 8.13103975e+00 5.64821269e+00
 1.65321897e-01 1.35902564e-01 1.07404955e+01 3.89965170e+02
 1.99703106e+00 2.07632721e+01 1.10480220e+01 1.10448802e+02
 1.23111106e+02 1.25136297e+01 2.44740046e-01]